DZ_TWR_CROSS: 128,1287,60,39
DZ_BRDG: 232,1291,148,37
DZ_C01: 420,1224,48,108
DZ_TUBS: 519,1224,48,35
DZ_A01: 254,665,48,35
DZ_VATS: 944,111,148,35
DZ_TWR: 1160,108,48,78
DZ_SWR: 197,659,48,35
DZ_D01: 312,665,196,35
DZ_S01: 365,703,48,35
DZ_TWOPIPE: 809,1259,48,35
DZ_DRAIN: 499,86,98,35
DZ_A02: 511,41,48,35
DZ_A03: 655,65,48,35
DZ_B01: 860,68,102,35
DZ_A24: 1373,1354,54,75
DZ_EDGE03: 1620,1433,198,72
DZ_stronghold1: 1432,1387,48,35
DZ_stronghold2: 1468,1345,48,35
DZ_stronghold3: 1493,1387,98,35
DZ_C03: 1028,1339,156,41
DZ_EDGE02: 1649,1347,177,82
DZ_ADOG1: 973,1311,48,35
DZ_ADOG2: 969,1355,56,35
DZ_ADOG3: 871,1308,48,35
DZ_CDOG1: 969,1392,48,155
DZ_DDOG1: 515,612,100,78
DZ_D02: 952,712,204,35
DZ_noc1: 652,626,100,35
DZ_noc2: 792,623,48,75
DZ_noc3: 890,110,48,35
DZ_noc4: 1188,346,48,35
DZ_noc5: 658,1357,256,35
DZ_noc6: 1099,91,53,35
DZ_noc7: 879,709,70,35
DZ_noc8: 1179,238,54,72
DZ_noc10: 1194,1346,152,35
DZ_B01_PAST: 10,693,110,35
DZ_B08: 1384,699,110,35
DZ_B09_PAST: 186,10,105,35
DZ_C04_PAST: 1219,700,160,35
DZ_C06_PAST: 592,1246,48,120
DZ_EDGE01: 1825,1467,148,35
DZ_EDGE05: 1567,1431,48,72
DZ_pipe02: 294,15,101,35
DZ_pipe07: 428,57,48,72
DZ_pipe09: 348,52,48,35
DZ_TOWER01: 134,694,48,72
DZ_TOWER02: 133,809,48,72
DZ_TOWER06: 1146,309,48,35
DZ_TOWER09: 1156,714,48,72
DZ_S02: 655,1278,48,35
DZ_S03: 898,672,48,35
