GATE_UW_SS: 478,10,48,35
GATE_SS_UW: 330,4089,48,35
SS_D08: 379,4088,107,78
SS_S04: 381,4052,48,35
SS_E08: 446,3935,48,189
SS_D07: 444,3903,204,35
SS_L01: 539,985,152,160
SS_AI: 604,2465,48,36
SS_E07: 594,799,48,192
SS_E06: 488,765,252,35
SS_C08: 607,682,152,35
SS_A14VI: 911,815,48,35
SS_LAB13: 965,815,48,35
SS_A01: 1018,815,48,35
SS_D02: 745,735,104,78
SS_LAB8: 856,774,48,35
SS_LAB1: 910,775,48,35
SS_LAB2VI: 964,774,48,35
SS_LAB6: 1018,774,48,35
SS_A17: 762,696,48,35
SS_E03: 760,495,48,188
SS_LAB7: 856,735,48,35
SS_LAB9: 911,735,48,35
SS_LAB3VI: 965,735,48,35
SS_LAB12VI: 1017,735,48,35
SS_LAB11VI: 856,695,48,35
SS_LAB10VI: 910,695,48,35
SS_LAB5VI: 964,695,48,35
SS_LAB4VI: 1017,695,48,35
SS_E05VI: 1017,1895,48,188
SS_I03: 330,728,155,120
SS_C07: 63,774,152,35
SS_C03: 10,685,48,120
SS_B02: 174,629,48,78
SS_S05: 227,672,48,35
SS_A16: 10,653,48,35
SS_A03: 12,617,48,35
SS_A15: 22,581,48,35
SS_E02: 72,579,255,35
SS_A04: 209,492,48,35
SS_B06: 263,475,104,35
SS_A11: 375,677,48,35
SS_D03: 342,584,104,76
SS_D04: 368,417,104,78
SS_C04: 645,445,152,35
SS_C06: 25,460,48,120
SS_H01: 54,385,202,78
SS_F02: 219,263,104,120
SS_S02: 215,1779,48,35
SS_B03: 434,343,48,78
SS_E01: 329,307,255,35
SS_F01: 348,74,48,228
SS_C02: 431,76,48,121
SS_I02: 401,182,152,121
SS_A10: 504,158,48,35
SS_A09: 500,121,48,35
SS_B01: 550,78,48,78
SS_A08: 554,44,48,35
SS_A19: 505,44,48,35
SS_S01: 584,53,48,35
SS_B05: 668,1509,104,35
SS_D06VI: 774,1464,104,78
SS_A18VI: 862,1543,48,35
SS_F03VI: 912,1544,48,228
SS_B04VI: 914,1774,48,78
SS_S03: 914,3247,48,35
SS_A13: 909,1855,48,35
SS_E04VI: 586,307,255,35
SS_D05VI: 965,1815,104,78
SS_LAB420VI: 856,815,48,35
